10.6071 3.5132
3.8016 -2.7391
5.5630 -5.5068
-5.8560 -1.8550
7.6398 11.8009
-7.6892 -3.2131
5.2578 -1.6804
2.9995 2.4735
9.0107 9.4105
-3.0352 9.5819
0.3614 -6.0896
13.2338 -6.4424
13.4070 -3.7172
-7.6448 -2.9934
3.8514 -6.6247
12.5869 1.8901
10.5273 -3.5691
-5.0039 -9.0626
2.6492 -8.2180
4.6298 -1.8122
12.2925 3.3813
-8.0772 13.1990
3.4805 -4.3611
11.2061 -9.7270
3.9410 6.9924
11.9416 12.5688
-2.7344 3.4673
-8.0819 5.7597
-1.0551 12.0612
5.5422 12.0124
-6.2467 -1.5975
10.9025 2.6964
13.4015 11.9864
3.3197 9.5234
-0.1095 1.7313
6.3428 2.6738
-7.4411 7.8388
13.2972 -4.9567
-7.2640 0.4527
10.0809 1.5092
1.6532 1.3629
-0.3987 4.8618
13.8438 -3.9533
5.7082 2.9806
5.8761 -8.5701
1.6057 10.0952
10.0437 9.0754
13.5150 -5.1994
-3.0793 10.1670
-9.4893 -8.9801
4.4197 -9.7804
8.4377 1.2252
5.4284 6.8763
8.8692 11.8637
-1.1939 8.7718
-8.2455 -5.5885
12.2941 -6.8038
4.8754 -0.4685
1.5134 -7.8913
3.9539 9.4839
-2.6503 6.0953
-2.7931 6.3472
-3.7132 -2.8302
10.1341 10.5289
7.4750 2.9152
-2.2128 3.5114
-3.4321 -1.8906
-9.8362 13.2241
11.9125 12.8522
-8.3750 10.9690
-1.2894 -6.3975
13.5792 2.4049
7.3071 -3.5463
-0.6276 4.9831
6.8779 -7.7900
-5.9413 -5.6887
-1.0270 -6.2962
-4.4547 3.8571
7.5227 -1.5589
-3.8372 -0.3346
9.3077 4.6178
-2.0191 9.2926
13.3154 11.0229
6.0435 -1.5011
9.2835 5.5304
-5.7825 -3.7665
8.2216 -1.6862
-0.3822 -1.6157
-3.7347 7.5682
-5.1795 -9.5368
9.1646 4.8617
6.2946 5.6792
2.7870 -9.0522
3.9264 4.7050
-8.0148 12.3985
-4.0519 13.5304
3.9143 -4.4757
-7.9521 -9.1049
1.7505 13.4333
-9.9325 4.5144
9.7163 5.2992
5.9051 -4.5697
12.8853 -7.1611
2.7875 12.2313
13.9278 -4.9247
-0.2756 2.9060
0.6636 3.5796
6.5438 2.5283
0.3770 12.4992
4.1207 7.9726
1.3857 -6.1156
3.8352 11.9421
12.9373 -8.0073
-3.1812 11.6478
-3.2117 12.4211
10.8433 10.5554
7.3882 13.8035
-9.4927 -5.1239
-4.9303 -7.1552
-9.2819 7.4047
3.0099 -5.8427
-7.5414 -6.0018
-6.6937 11.1974
2.7063 9.3231
-2.1744 0.3561
5.8221 -2.6304
1.0430 4.4051
1.3438 11.4275
10.4129 2.0415
4.0105 -3.3388
11.4470 6.6505
-6.7044 8.8262
-8.8557 9.4091
-1.7005 5.0128
4.7407 -4.2169
2.4633 11.6912
7.8783 7.0445
-7.1137 4.7470
12.5664 -7.6989
-4.4757 -4.1556
9.1014 3.2334
9.9938 -0.8552
4.9865 -0.6346
-9.0229 -0.5882
9.9481 -8.7996
-0.2469 2.5610
0.4710 8.9928
-4.3125 10.0633
12.4631 1.7969
0.3080 3.2169
-0.2699 13.1558
-6.0711 -4.3464
12.0106 -0.1671
7.4544 -9.6607
1.3176 -3.4431
12.4301 7.3810
9.3277 6.4703
-6.2823 -4.2877
13.7135 11.8187
1.7714 -3.5153
-7.2305 -7.7581
-1.1168 7.6136
7.2755 -8.0165
8.8131 9.6972
-4.7077 12.8292
10.1251 6.4488
-7.9906 8.8482
-5.8422 -4.3267
-7.2346 -2.4814
1.0621 -5.1248
8.4147 2.0393
1.3998 4.7587
-9.5440 -3.7722
8.5857 3.2399
-3.9252 12.1913
2.9005 8.2562
6.9686 -2.7986
-9.2765 9.8982
-2.2241 -6.3536
-9.1000 0.1462
-0.4227 -8.3017
11.3279 13.1717
2.4142 -1.0393
7.4137 -6.9507
12.1962 2.5658
4.8587 -9.9213
0.9538 11.6480
-8.8458 10.8283
-9.5180 2.0736
10.6947 10.7169
12.1838 -9.7646
1.8998 13.0838
6.6116 3.9159
8.6491 10.1589
-1.0494 8.8070
6.4304 -0.2828
1.2793 -6.8160
3.1063 1.7897
-8.4877 4.6515
0.9784 10.2399